Epoch	AverageEpRet	StdEpRet	MaxEpRet	MinEpRet	AverageTestEpRet	StdTestEpRet	MaxTestEpRet	MinTestEpRet	EpLen	TestEpLen	TotalEnvInteracts	AverageQ1Vals	StdQ1Vals	MaxQ1Vals	MinQ1Vals	AverageQ2Vals	StdQ2Vals	MaxQ2Vals	MinQ2Vals	LossPi	LossQ	Time
1	-287.25693	75.70893	-183.08235	-416.04443	-451.795	1.5916499	-449.81177	-454.64777	1000.0	1000.0	5000	1.3464862	1.3793364	9.528761	-3.3026247	1.3468634	1.3740177	9.64161	-3.8379424	-2.1825988	1.4382933	17.507354021072388
2	-377.90063	38.98389	-325.5401	-426.0105	-428.17822	3.4250379	-423.5253	-435.05307	1000.0	1000.0	10000	2.5761733	1.336177	9.470794	-3.46275	2.5762143	1.3373687	9.331339	-3.4753153	-3.3509672	1.7650853	34.90664100646973
3	-228.26736	148.88153	-66.28292	-403.42645	-127.12164	105.21662	-72.66431	-353.65894	1000.0	1000.0	15000	1.5107368	1.5588537	9.688183	-6.0447845	1.5102087	1.5531425	9.4252405	-6.6619406	-1.9245802	1.3593645	55.909969091415405
4	-114.352646	117.51009	12.740694	-301.06573	-46.85357	34.996803	-24.061321	-150.22055	1000.0	1000.0	20000	-0.44902033	1.2923545	7.0862923	-6.620363	-0.44945148	1.2931372	7.118064	-7.0743527	0.06476381	1.079838	78.56884407997131
5	-140.91562	38.997833	-88.48034	-201.11894	1.5147306	3.7849596	9.143977	-5.402957	1000.0	1000.0	25000	-1.8087702	1.8044624	7.3767815	-9.082861	-1.8087337	1.8023927	7.631264	-9.034367	1.4301544	1.1116142	100.18619012832642
6	-30.548975	22.469053	7.2048354	-55.23142	-30.527111	21.953163	-9.249477	-82.20548	1000.0	1000.0	30000	-2.8505406	2.4834688	7.229461	-12.418996	-2.8522243	2.4839709	7.486005	-12.292086	2.499962	1.2083478	120.8725061416626
7	-69.89064	22.695404	-49.367004	-106.56159	-20.126043	1.7645721	-17.14226	-23.71857	1000.0	1000.0	35000	-3.9536424	3.284096	6.6855	-18.150112	-3.9549463	3.2839215	6.85445	-16.36967	3.6252577	1.4390321	140.1278691291809
8	-71.23872	49.828102	-11.218881	-145.34901	-84.17819	6.3179264	-74.558815	-92.64455	1000.0	1000.0	40000	-5.1712794	4.17759	8.0246315	-20.81881	-5.1722803	4.174923	7.3796225	-21.631449	4.853257	1.7765797	160.9557101726532
9	-30.723928	31.008453	5.337596	-86.08905	-10.637948	3.3901796	-3.0107024	-15.18194	1000.0	1000.0	45000	-6.5762067	5.1451926	6.193012	-24.765839	-6.5745883	5.1372747	7.5649023	-26.006485	6.226	2.4017541	182.71456098556519
10	-69.27584	77.285	-0.18502425	-164.8955	-45.27401	78.082924	8.45478	-226.66837	1000.0	1000.0	50000	-8.190436	6.193494	8.035528	-34.12375	-8.192611	6.1913066	6.361151	-31.811848	7.8416553	3.0516882	204.61509227752686
11	-91.91142	83.435936	3.6422372	-226.56839	-43.431244	37.701553	-21.130754	-119.231255	1000.0	1000.0	55000	-10.761676	7.5052834	4.6789336	-40.22354	-10.76048	7.51471	4.8086886	-36.353024	10.449744	4.0402045	225.93454813957214
12	-15.519313	13.8647175	4.5917506	-34.85509	4.0747714	2.0653832	8.481909	2.1978228	1000.0	1000.0	60000	-12.551623	8.4756975	5.29375	-42.09078	-12.550981	8.458291	6.7251606	-42.342983	12.226379	4.5419683	247.3601861000061
13	-6.010741	16.390318	12.659771	-35.529957	1.3648934	2.259521	4.072621	-2.0839853	1000.0	1000.0	65000	-14.057501	9.449897	3.8747814	-48.071823	-14.055857	9.446896	4.206125	-47.725174	13.736142	5.4725556	267.65064215660095
14	-23.87947	32.022068	8.370177	-73.31828	3.7856784	2.157295	8.427827	1.2348565	1000.0	1000.0	70000	-15.515855	10.330333	1.962467	-53.034004	-15.514703	10.3285475	2.0622058	-54.665184	15.144465	6.2408338	286.81756711006165
15	-1.7071778	3.916871	3.6725795	-7.6769648	5.101056	3.4851773	10.896204	-3.1892033	1000.0	1000.0	75000	-17.166037	11.087562	2.1045616	-61.927475	-17.1673	11.096804	2.8822207	-58.2832	16.773746	7.113211	306.4873731136322
16	0.5289009	7.930091	9.804857	-14.207349	-166.94241	71.99786	-43.521515	-258.32852	1000.0	1000.0	80000	-19.020515	11.796467	2.944321	-65.99629	-19.022263	11.796587	2.923259	-63.502346	18.654709	7.966258	326.74866104125977
17	-98.26357	169.92244	2.530038	-437.43384	-4.3791203	12.474301	20.90916	-32.35963	1000.0	1000.0	85000	-21.364079	12.671221	0.2973523	-72.26219	-21.36593	12.678489	-1.4236304	-71.30742	21.045553	9.295006	349.5999789237976
18	-15.490474	8.96721	-5.911825	-29.275902	-26.397152	14.954207	-9.88134	-59.46919	1000.0	1000.0	90000	-23.749166	13.340359	-1.8693253	-83.64779	-23.751406	13.336517	-4.1000113	-79.05557	23.408869	10.213581	373.4685752391815
19	-6.407261	3.728702	-2.0823658	-13.05928	4.9053307	6.7376876	19.140888	-2.4430773	1000.0	1000.0	95000	-26.388805	14.104328	-3.3932729	-87.8178	-26.387888	14.109356	-4.092929	-85.96272	26.093431	12.212132	393.8799059391022
20	-30.520386	30.015093	-9.8890915	-89.68911	-16.199772	20.712486	13.508338	-46.6823	1000.0	1000.0	100000	-29.541586	15.166385	-0.67318654	-97.627975	-29.543142	15.164065	-5.984446	-96.00169	29.205853	12.823906	415.1266121864319
21	-26.480566	19.69146	-3.8295481	-58.98234	-9.337391	13.2779455	14.174522	-31.804495	1000.0	1000.0	105000	-32.54274	15.822364	-11.186587	-114.8224	-32.543312	15.8207655	-5.743965	-98.87437	32.19465	14.449468	436.3428840637207
22	-19.111954	21.973988	8.828471	-49.474823	-9.442935	0.5873179	-8.52656	-10.662408	1000.0	1000.0	110000	-35.690765	16.62895	-0.4771049	-109.45997	-35.69309	16.629524	-8.076336	-110.44448	35.24908	16.688341	457.27811193466187
23	-17.840595	6.572234	-10.11641	-28.878906	2.4021142	11.061368	26.758484	-12.571735	1000.0	1000.0	115000	-38.97126	17.361443	-8.4929695	-119.074814	-38.977062	17.40053	-12.540781	-120.43254	38.583683	18.27808	478.5276610851288
24	-19.41866	10.011626	-5.7206564	-32.625328	-7.4530435	16.95901	1.5182596	-55.522427	1000.0	1000.0	120000	-42.737076	18.199986	-9.869711	-122.9091	-42.73616	18.14532	-14.967685	-131.52351	42.314045	21.210716	499.6315770149231
25	-14.36395	11.4981365	-3.4352236	-34.26053	-16.084986	7.7045736	-7.5305357	-28.899446	1000.0	1000.0	125000	-46.776573	18.947905	-19.369566	-136.64679	-46.775864	18.952045	-11.205246	-139.5526	46.3421	22.228046	519.7822151184082
26	-34.34954	30.626406	6.7413464	-73.99549	-11.11706	1.6715724	-7.8926334	-12.806967	1000.0	1000.0	130000	-51.606945	19.880508	-20.991695	-145.95436	-51.60956	19.889185	-18.521786	-151.17989	51.264645	26.988918	539.498927116394
27	-219.71362	252.47218	-11.059786	-648.6355	-250.21725	13.108003	-225.8291	-279.32892	1000.0	1000.0	135000	-57.303066	20.846558	-15.811043	-246.96608	-57.300526	20.83257	-16.142979	-239.0562	56.830883	34.616932	559.3214802742004
28	-115.74331	123.06163	-12.072694	-344.54227	-41.72589	21.212528	-24.550114	-100.530396	1000.0	1000.0	140000	-63.26034	22.536253	-37.53448	-299.98337	-63.25557	22.555393	-37.74647	-295.17462	62.754524	53.986546	579.0381369590759
29	-22.065472	26.46012	6.6294217	-68.84566	-0.9684502	2.5049357	4.8394856	-3.9368832	1000.0	1000.0	145000	-69.02644	23.47147	-34.623863	-323.18552	-69.02573	23.47739	-37.65871	-341.146	68.36065	55.8798	598.8767352104187
30	-115.49823	107.76293	3.594796	-259.807	-35.103985	1.6649703	-33.052166	-38.39799	1000.0	1000.0	150000	-75.575775	24.42998	-45.593136	-320.47565	-75.579025	24.42967	-45.404114	-329.84222	75.03297	60.94076	617.7977919578552
31	-63.04696	31.413275	-19.063107	-102.273056	-103.40167	32.501144	-47.6692	-133.66765	1000.0	1000.0	155000	-83.42488	26.01368	-56.130863	-336.04272	-83.424095	26.015913	-53.675205	-346.93842	82.81976	65.64078	637.8424942493439
32	-133.7236	86.94609	-39.706295	-268.2367	-22.505018	3.4284213	-16.795908	-27.756882	1000.0	1000.0	160000	-90.76286	26.856161	-57.83184	-369.73077	-90.75355	26.877596	-59.77556	-345.75137	90.17145	70.1954	659.1431391239166
33	-64.811874	14.685641	-43.925335	-88.27274	-21.813606	3.6533573	-15.417849	-27.895742	1000.0	1000.0	165000	-97.93774	27.275805	-68.12622	-360.5599	-97.93803	27.260475	-60.148464	-370.03537	97.37009	75.63445	680.0060510635376
34	-123.75658	108.84043	-27.852684	-303.62817	-54.059105	9.266244	-42.079887	-75.59614	1000.0	1000.0	170000	-106.02111	28.205044	-74.49653	-376.17307	-106.0085	28.264599	-68.574875	-361.27744	105.25168	85.00272	700.6838490962982
35	-147.77092	54.25043	-68.66116	-227.65161	-146.11514	45.64294	-74.78263	-263.1652	1000.0	1000.0	175000	-114.73282	29.166245	-80.327286	-397.10394	-114.70963	29.160858	-80.83051	-379.83282	113.660164	93.74026	720.9540100097656
36	-86.287155	91.81376	-15.782697	-267.65872	-40.871174	2.7277668	-38.63007	-48.795334	1000.0	1000.0	180000	-123.959496	29.687185	-88.079384	-419.67136	-123.957184	29.697529	-88.64419	-413.14597	123.3154	105.80557	743.1878209114075
37	-45.939037	84.32127	102.03924	-143.04323	-14.0061035	3.499881	-10.212358	-22.996151	1000.0	1000.0	185000	-133.97615	30.447063	-97.10156	-434.3177	-133.97795	30.476326	-98.79509	-434.1725	132.97667	115.26795	762.8939309120178
38	-72.03457	111.16332	90.696045	-216.63542	-107.16189	4.797441	-99.10936	-114.790565	1000.0	1000.0	190000	-143.89102	30.766348	-101.65614	-429.136	-143.88931	30.793032	-102.976685	-417.75015	143.21878	123.041336	784.2725670337677
39	-91.50267	38.83865	-42.02529	-154.19327	-40.00631	10.251619	-18.937807	-55.11468	1000.0	1000.0	195000	-156.32155	32.002567	-117.054985	-436.35715	-156.30846	32.049145	-113.18803	-456.14267	155.24945	140.93329	805.130576133728
40	-226.98567	237.90126	-40.92089	-695.31854	-49.397762	18.69742	-14.76281	-80.42057	1000.0	1000.0	200000	-168.6735	32.49066	-117.35216	-443.73383	-168.66185	32.47168	-125.92949	-477.25952	167.84712	157.2431	824.9624092578888
41	-80.98678	36.409103	-40.79073	-144.08179	-13.995705	2.6563427	-10.11054	-20.334747	1000.0	1000.0	205000	-180.15094	32.40461	-138.87975	-470.06668	-180.14719	32.442238	-136.35043	-519.78046	179.22086	169.4834	847.0563161373138
42	-74.21573	46.421814	-27.688194	-158.31557	-24.80241	1.0299383	-22.717466	-26.92496	1000.0	1000.0	210000	-194.39233	33.15503	-145.60674	-502.56406	-194.39719	33.126	-146.8207	-481.14185	193.69753	188.9078	869.1368789672852
43	-62.18703	51.195168	7.619753	-140.36679	-6.182605	3.5294983	-1.1397731	-14.406723	1000.0	1000.0	215000	-211.25847	33.436546	-158.67636	-505.01126	-211.2658	33.48384	-163.16963	-525.6214	210.25447	218.0129	893.4331512451172
44	-69.92026	72.655365	9.308094	-187.40482	-74.606255	10.05429	-57.16773	-87.68506	1000.0	1000.0	220000	-227.38419	34.278645	-180.56485	-526.0526	-227.38423	34.27916	-176.01076	-556.3839	226.7593	244.9309	917.3964421749115
45	-67.630264	36.536205	-27.509747	-118.93438	-39.40183	8.718153	-27.097206	-55.8452	1000.0	1000.0	225000	-245.45883	34.73869	-193.29391	-575.805	-245.46729	34.697594	-192.90962	-562.10693	244.546	279.24957	941.6377210617065
46	-46.909367	72.56173	46.551823	-159.95793	-45.60209	13.071991	-27.43393	-74.462845	1000.0	1000.0	230000	-263.8971	34.783928	-207.80609	-587.5161	-263.8764	34.833874	-204.61507	-597.5079	262.91	303.33224	967.0019152164459
47	9.511339	72.40825	112.56393	-77.88042	-7.6254663	45.52844	84.41236	-67.887955	1000.0	1000.0	235000	-283.81714	35.333572	-230.6518	-577.6075	-283.82083	35.30435	-223.26819	-627.80225	282.768	352.77826	991.156583070755
48	6.3110046	128.04225	192.32054	-165.23691	8.074268	3.2396035	12.2256	-0.22850661	1000.0	1000.0	240000	-305.4458	35.71561	-247.05391	-626.45355	-305.43442	35.785736	-240.57542	-581.52814	304.33533	393.5726	1013.1986060142517
49	15.64256	43.805897	92.86357	-28.327585	-3.1302001	0.51288867	-2.4777873	-3.9920988	1000.0	1000.0	245000	-329.52393	37.051174	-263.4548	-628.0719	-329.52707	37.062904	-264.3556	-642.7229	328.655	452.602	1032.625726222992
