Epoch	AverageEpRet	StdEpRet	MaxEpRet	MinEpRet	AverageTestEpRet	StdTestEpRet	MaxTestEpRet	MinTestEpRet	EpLen	TestEpLen	TotalEnvInteracts	AverageQ1Vals	StdQ1Vals	MaxQ1Vals	MinQ1Vals	AverageQ2Vals	StdQ2Vals	MaxQ2Vals	MinQ2Vals	LossPi	LossQ	Time
1	-282.3609	77.88339	-158.73718	-394.27542	-478.63388	17.390226	-458.1361	-505.1765	1000.0	1000.0	5000	1.7443764	2.2881997	18.763588	-9.4839	1.7442017	2.2881413	18.736746	-9.346776	-2.6080775	0.38863158	42.51115918159485
2	-275.47766	71.91152	-209.90022	-386.92465	-690.19055	28.261707	-638.84625	-730.9627	1000.0	1000.0	10000	12.325348	8.170435	52.033527	-16.330194	12.325235	8.170152	52.992474	-15.629617	-15.496361	1.831984	83.65189933776855
3	-592.34827	72.37172	-508.0466	-716.3406	-520.4421	67.937614	-338.74493	-605.4301	1000.0	1000.0	15000	25.521584	11.071285	60.48652	-12.677274	25.522411	11.070096	61.3909	-11.132671	-28.0487	3.4445121	127.06560111045837
4	62.091198	400.54825	532.9432	-506.05524	345.92505	686.61346	1330.9396	-578.3269	1000.0	1000.0	20000	30.27039	15.5159235	70.07376	-7.3372455	30.270512	15.515339	70.017494	-8.915423	-32.18545	3.5537765	171.8230242729187
5	372.44012	630.6489	1105.5009	-503.17307	1573.0858	81.5645	1710.29	1404.4805	1000.0	1000.0	25000	36.508217	15.836701	77.84555	-5.4536257	36.508503	15.836076	77.018425	-5.884264	-38.08235	3.2106273	216.1239230632782
6	1874.0271	193.98785	2222.1584	1624.4542	2008.1195	615.9689	2414.693	228.12553	1000.0	1000.0	30000	43.34046	18.509377	102.66224	-3.7452595	43.340816	18.50835	102.995255	-3.8215399	-44.97938	4.436456	259.40724897384644
7	2666.608	414.11453	3113.6733	1932.5415	2941.649	53.29647	3046.886	2878.8125	1000.0	1000.0	35000	56.25065	24.9491	134.10579	-4.782128	56.250854	24.947235	134.09637	-3.7716029	-58.362736	7.0816994	305.8706991672516
8	3290.6128	302.23334	3805.6528	2856.5127	3120.713	1312.321	4057.3364	-281.89548	1000.0	1000.0	40000	75.44707	33.134624	162.19366	-4.0932946	75.44702	33.13345	162.52097	-1.5487528	-77.9945	9.928625	357.242858171463
9	3514.606	117.84414	3713.961	3361.929	3783.519	82.35425	3970.5935	3684.143	1000.0	1000.0	45000	97.41532	40.550938	192.59761	1.3012139	97.41499	40.549816	193.82999	0.23462355	-100.181465	12.470092	409.09877610206604
10	3913.0515	187.38411	4223.7363	3647.199	3998.271	161.2542	4217.2515	3657.7087	1000.0	1000.0	50000	119.89415	46.566326	217.16017	3.9225948	119.89461	46.564976	217.49142	4.2151885	-122.733185	14.679594	462.50227999687195
11	4167.3955	282.15234	4538.033	3874.8967	3001.658	1593.9836	4375.654	57.266087	1000.0	1000.0	55000	142.3377	51.30395	244.31593	11.853581	142.33813	51.3031	242.91655	11.804676	-145.43108	17.091875	513.2383320331573
12	3353.8315	1241.5072	4392.358	1395.245	4314.794	1390.1561	4913.988	151.05437	1000.0	1000.0	60000	163.42665	56.237957	276.0913	16.961523	163.42679	56.236534	275.30173	18.89518	-166.2901	20.05285	562.8984141349792
13	4017.8406	579.4995	4700.9136	3319.3826	2456.2244	1552.7734	4591.926	181.89325	1000.0	1000.0	65000	180.46451	64.310234	311.1399	5.0383663	180.46585	64.308586	311.56357	5.4053593	-183.24873	23.804647	613.1408081054688
14	2768.255	1530.6045	4656.528	1114.481	4869.3135	172.36386	5144.487	4488.2983	1000.0	1000.0	70000	193.32243	74.652176	325.91177	-9.116758	193.32303	74.6509	324.90524	-7.1002846	-196.32957	29.66092	663.7217600345612
15	4853.2305	209.35419	5152.108	4539.836	4526.087	94.907036	4659.6826	4378.159	1000.0	1000.0	75000	209.52039	81.45638	342.62924	-17.25944	209.52115	81.45572	341.37564	-17.358515	-212.43567	31.556578	715.5103890895844
16	3758.4563	1171.3158	4934.157	2032.0012	4895.882	1331.7551	5534.3696	917.6705	1000.0	1000.0	80000	224.78004	87.73054	358.74442	-22.89672	224.78065	87.73049	356.1505	-24.36757	-227.724	32.952248	765.1896431446075
17	5016.1377	249.21626	5325.1226	4692.2617	4804.7393	1811.4235	5817.3784	-374.9218	1000.0	1000.0	85000	239.22127	94.62931	374.5321	-34.34616	239.22113	94.629616	373.64307	-40.110886	-242.23805	34.761677	812.2219851016998
18	5221.657	294.94604	5568.7793	4872.9546	5165.9985	1226.8027	5759.7725	1493.2871	1000.0	1000.0	90000	255.18663	99.3313	392.4681	-36.663967	255.18738	99.331345	393.0576	-38.81523	-258.84805	38.174232	860.7038342952728
19	5543.5386	144.11992	5791.175	5405.455	5546.338	99.401634	5692.743	5394.706	1000.0	1000.0	95000	271.16394	102.85679	409.07974	-43.56376	271.16428	102.856636	410.4522	-44.621666	-274.2184	39.228325	909.0238993167877
20	5707.0107	264.27097	6155.4175	5372.314	5462.0596	1022.2304	6007.1675	2424.7732	1000.0	1000.0	100000	286.00476	106.99607	434.7004	-55.153618	286.00565	106.995804	432.30225	-56.51339	-289.1314	39.401363	957.3530461788177
21	5832.716	440.37054	6192.07	4973.6626	5491.885	1780.8519	6488.174	961.61597	1000.0	1000.0	105000	301.34924	109.07789	449.34085	-52.876774	301.34985	109.07818	447.81253	-52.35469	-304.8216	40.956383	1005.2271120548248
22	6154.6084	59.10976	6222.661	6060.5107	5951.277	586.472	6574.4897	5015.6987	1000.0	1000.0	110000	316.15405	112.15484	463.2982	-58.845272	316.1544	112.15453	464.21185	-51.2612	-319.3474	41.716175	1053.835065126419
23	6117.9663	532.7793	6710.059	5180.702	6947.6094	215.60954	7227.916	6419.033	1000.0	1000.0	115000	330.09506	115.649414	484.3552	-63.0738	330.09515	115.650024	482.78625	-61.215954	-333.10318	46.37307	1104.0212161540985
24	6689.5845	350.3543	6974.6006	6031.377	7038.672	121.50895	7247.474	6795.995	1000.0	1000.0	120000	344.75583	118.809166	524.4235	-74.538216	344.75693	118.80817	531.3386	-73.653175	-347.99548	46.501713	1154.5744740962982
25	5095.5703	2359.8916	7035.3506	1213.0591	6019.711	2486.14	7568.261	529.8085	1000.0	1000.0	125000	355.5104	126.87081	540.85077	-175.62982	355.51205	126.86771	543.0097	-185.9465	-359.07535	54.356243	1203.4375870227814
26	5651.211	1703.9885	7038.2964	2379.5515	5193.9263	2773.3584	7443.0615	442.40118	1000.0	1000.0	130000	365.96878	135.3143	554.21234	-233.3798	365.97095	135.311	557.4507	-287.51898	-369.09814	61.52856	1252.4981052875519
27	7027.186	184.4763	7348.0493	6814.238	7163.009	167.98514	7433.353	6894.1367	1000.0	1000.0	135000	378.55573	140.47284	580.6068	-180.85112	378.55716	140.46819	580.6465	-205.88585	-382.33685	68.8904	1301.8232011795044
28	6812.322	260.53705	7197.379	6461.277	7102.5693	117.28897	7255.3623	6854.812	1000.0	1000.0	140000	392.66553	142.76059	595.52234	-161.88106	392.66754	142.7557	594.95514	-161.00127	-396.2481	68.89801	1350.884514093399
29	7019.5234	242.248	7422.389	6745.727	7486.2764	107.413765	7629.671	7306.512	1000.0	1000.0	145000	405.54773	145.54546	601.5553	-136.79245	405.54874	145.54305	602.5814	-141.79744	-408.9138	69.77171	1398.1891961097717
30	6851.5625	685.75	7404.791	5513.4185	6641.9116	1951.8035	7821.6504	1727.9968	1000.0	1000.0	150000	417.7742	148.0105	612.0831	-170.61786	417.7752	148.00714	619.0477	-148.1777	-421.4393	71.43035	1444.2666261196136
31	6904.5586	785.0512	7468.985	5360.9917	7256.185	1232.1731	7897.9395	3576.9082	1000.0	1000.0	155000	430.64853	150.22841	624.372	-185.22285	430.6503	150.22491	625.0156	-168.5781	-434.6057	76.11537	1493.6906142234802
32	7711.9556	305.57336	8021.7324	7223.6895	7874.7305	127.84597	8063.1943	7676.929	1000.0	1000.0	160000	441.62643	153.47379	645.0409	-146.11559	441.62732	153.47107	643.5331	-132.65224	-445.162	74.77877	1541.6311843395233
33	7382.3096	750.8649	8265.741	6305.3594	8223.107	174.4081	8397.078	7881.184	1000.0	1000.0	165000	452.65613	156.50194	652.51105	-237.32419	452.65692	156.50017	653.3037	-190.11136	-456.4389	78.21196	1588.938553094864
34	7087.7046	1756.1517	8569.336	3774.8396	7757.2256	2187.6428	8714.715	1204.9629	1000.0	1000.0	170000	463.5638	159.46548	665.6158	-269.94547	463.56448	159.46382	668.57117	-349.88623	-467.2446	84.64699	1637.7525713443756
35	7922.573	328.7831	8282.8545	7491.758	8437.92	184.96657	8917.921	8204.092	1000.0	1000.0	175000	473.10608	162.69708	683.2744	-227.32559	473.10608	162.69556	681.42126	-223.40742	-476.455	88.47266	1686.4413740634918
36	8111.668	331.16852	8530.41	7561.5527	7022.9165	2315.7092	8648.09	2581.7532	1000.0	1000.0	180000	483.87814	164.30223	691.95135	-184.73625	483.8785	164.3009	693.8531	-193.57964	-487.7001	86.73586	1734.2889082431793
37	6873.586	3092.9746	8642.324	697.2855	6910.0767	2326.081	8895.793	2458.4448	1000.0	1000.0	185000	491.3256	170.43005	701.11444	-223.90843	491.32568	170.42911	700.709	-177.39046	-495.3602	93.312416	1781.2373399734497
38	6820.6836	2209.788	8451.091	2606.1638	8768.193	158.88063	8983.029	8463.798	1000.0	1000.0	190000	499.62833	173.81186	708.8962	-219.84691	499.6275	173.80911	708.38544	-225.52597	-503.84296	102.79204	1829.320592880249
39	7829.5337	1373.0225	8758.89	5109.483	6923.208	2729.3718	8970.287	1198.6837	1000.0	1000.0	195000	507.95547	176.19801	715.1852	-216.14821	507.956	176.1967	716.59937	-207.62343	-512.13074	103.29219	1875.1348822116852
40	7631.547	981.3252	8430.38	5766.939	8775.894	282.12357	9260.861	8153.4014	1000.0	1000.0	200000	514.997	179.60172	726.5153	-252.56862	514.9968	179.60193	724.4944	-297.65512	-518.986	112.59972	1923.3219060897827
41	8227.565	353.98608	8634.841	7603.923	7868.3423	141.86722	8168.4287	7665.0215	1000.0	1000.0	205000	523.52454	179.5097	729.78107	-181.87427	523.5252	179.5048	727.5186	-235.04205	-527.7427	114.02587	1970.8294830322266
42	8400.376	433.1728	8736.983	7569.603	8349.721	137.02383	8587.854	8109.629	1000.0	1000.0	210000	531.10077	180.74062	733.3276	-200.24599	531.1008	180.74179	734.86414	-207.50273	-535.12134	107.27226	2021.2460870742798
43	8376.478	182.16774	8637.421	8129.5723	8688.237	174.23784	8965.358	8420.275	1000.0	1000.0	215000	538.6905	181.85345	741.7357	-172.65187	538.6909	181.851	740.0737	-183.30539	-542.8304	106.06996	2069.897938966751
44	8496.663	257.00293	8889.048	8203.495	6724.211	2910.0654	8763.64	1223.901	1000.0	1000.0	220000	546.7264	181.05739	748.53516	-214.25012	546.7261	181.05817	747.47003	-175.97603	-550.78296	106.48267	2118.472097158432
45	8511.729	299.01895	8853.025	8031.876	8252.953	1876.7443	9167.776	2650.0786	1000.0	1000.0	225000	554.1361	180.53888	754.49146	-191.01552	554.1357	180.53827	761.6141	-177.18585	-558.09283	108.63197	2168.006957054138
46	8587.812	346.4184	9223.581	8164.9023	8480.736	916.8146	9122.627	5798.2236	1000.0	1000.0	230000	561.00995	180.34	761.6275	-160.79482	561.01013	180.33846	760.6937	-138.23376	-565.5307	107.655876	2215.7157320976257
47	8544.189	306.74976	9034.961	8072.0386	8756.141	214.1952	9205.299	8518.174	1000.0	1000.0	235000	567.55634	181.3537	763.7434	-159.00328	567.5565	181.35458	764.0772	-178.11104	-571.273	108.73036	2265.516371011734
48	8533.322	136.15437	8657.835	8336.995	9182.722	76.02334	9291.813	9030.462	1000.0	1000.0	240000	573.73737	180.62766	769.54083	-193.3144	573.73645	180.62772	768.65546	-215.12398	-577.5791	107.124664	2314.5958511829376
49	8341.533	562.3005	8720.843	7226.8975	9045.021	151.53253	9315.871	8899.634	1000.0	1000.0	245000	579.4941	181.45392	774.1028	-169.442	579.4945	181.45268	774.4583	-200.69934	-583.1881	109.54985	2365.0064520835876
50	8607.864	115.36459	8727.355	8429.307	9210.616	161.20135	9396.415	8832.743	1000.0	1000.0	250000	585.9762	181.10701	776.0649	-227.35567	585.9753	181.10979	779.3331	-194.46893	-590.42834	113.25932	2414.9394171237946
51	8632.764	293.70557	9122.094	8338.486	8309.191	163.5545	8529.229	7930.472	1000.0	1000.0	255000	591.0469	180.6258	783.27216	-212.61958	591.04614	180.62636	787.796	-190.69522	-594.9169	116.64172	2461.839944124222
52	8500.038	367.62152	8855.429	7936.32	9236.189	136.19347	9498.656	8995.95	1000.0	1000.0	260000	595.58203	181.68657	782.98035	-204.0168	595.5821	181.68733	787.905	-296.3089	-599.154	113.91625	2508.764137029648
53	7595.793	2206.8	9057.866	3224.3054	8421.833	268.73254	8806.578	8057.525	1000.0	1000.0	265000	599.92645	182.94676	787.8446	-120.635925	599.92633	182.94498	787.1634	-174.82036	-604.0135	110.78725	2556.77184009552
54	8726.492	424.09378	9048.07	7891.776	7295.9233	323.42987	7823.479	6536.461	1000.0	1000.0	270000	604.6587	183.36244	788.929	-206.62941	604.6584	183.36438	788.4424	-189.47298	-608.5777	106.60562	2601.757478237152
55	8537.936	881.3132	9190.789	6875.027	9243.017	132.7853	9435.953	9081.259	1000.0	1000.0	275000	609.093	183.41855	793.2241	-183.57654	609.0921	183.42137	793.5941	-196.8872	-612.347	107.610725	2649.4810450077057
56	8202.1	1344.3306	8906.473	5514.324	9020.303	593.60284	9451.865	7313.746	1000.0	1000.0	280000	613.54553	184.29543	796.0351	-230.2591	613.546	184.29604	796.112	-242.08875	-617.5176	117.47005	2698.7121222019196
57	8969.506	155.2643	9244.996	8789.863	9416.412	115.37712	9612.511	9237.101	1000.0	1000.0	285000	617.5394	184.89062	797.9678	-270.5266	617.5391	184.88918	798.7282	-222.62296	-621.6943	115.18699	2748.117707014084
58	8481.347	1185.9934	9229.961	6123.3906	9109.994	165.34695	9370.96	8804.872	1000.0	1000.0	290000	621.4165	185.26158	801.0881	-204.46175	621.4167	185.2621	800.33514	-192.16959	-625.423	112.85575	2795.984076023102
59	8944.143	210.55975	9225.942	8672.226	7961.759	3051.801	9729.752	1034.2318	1000.0	1000.0	295000	626.0044	184.82977	804.00415	-127.52305	626.0042	184.82693	804.5648	-136.22984	-630.1164	111.353676	2844.139216184616
60	9024.6875	226.0182	9280.842	8735.601	9431.904	124.66809	9697.443	9256.039	1000.0	1000.0	300000	629.48364	186.1996	807.95746	-188.67503	629.4834	186.20209	808.46643	-193.63097	-633.3252	112.699875	2891.2114350795746
61	8946.338	283.00607	9287.802	8517.571	9525.685	107.36861	9696.075	9365.386	1000.0	1000.0	305000	633.88446	185.67065	809.6504	-242.52518	633.8842	185.67192	810.75104	-278.07416	-637.9615	115.90578	2937.518583059311
62	9255.693	243.0494	9556.1045	8812.025	9581.666	232.54936	9989.216	9188.872	1000.0	1000.0	310000	638.83514	184.59251	815.79266	-390.26312	638.8355	184.59427	816.6071	-327.2602	-642.2402	113.2037	2987.8583800792694
63	8872.695	384.11624	9395.571	8392.165	9704.268	142.11852	9893.54	9399.125	1000.0	1000.0	315000	643.1542	183.75577	819.2215	-214.76443	643.15393	183.75131	819.76025	-200.9496	-646.53766	118.11527	3036.9442541599274
64	9067.291	257.99738	9334.434	8605.817	9705.567	149.33723	10017.728	9411.92	1000.0	1000.0	320000	646.4134	183.58493	822.81104	-346.3817	646.41364	183.58618	820.5375	-359.3906	-650.1194	122.600426	3085.1220333576202
65	9212.915	152.48799	9363.683	8955.0625	9694.232	173.89876	9958.275	9444.451	1000.0	1000.0	325000	649.5231	184.39201	826.125	-172.70493	649.52234	184.39067	825.5222	-337.3465	-652.976	121.29266	3134.8956260681152
66	9089.37	281.05872	9347.943	8577.258	8769.862	1590.1272	9707.096	4053.5908	1000.0	1000.0	330000	652.87274	184.71594	825.0571	-239.55244	652.8737	184.71461	827.13165	-228.3989	-656.7416	120.93345	3186.357548236847
67	9261.189	395.2263	9676.195	8557.406	9517.373	95.08724	9678.479	9331.87	1000.0	1000.0	335000	657.14813	183.34518	829.5782	-200.20685	657.14795	183.3456	830.4601	-200.76866	-661.1497	116.78877	3235.63081407547
68	9097.304	191.88472	9296.658	8863.972	9577.474	505.82663	10065.658	8167.593	1000.0	1000.0	340000	661.1741	182.94502	835.2414	-306.1626	661.17255	182.94975	833.17804	-319.43124	-664.4411	116.7037	3281.7379660606384
69	8527.795	1316.0187	9407.332	5921.919	9776.776	147.97758	10024.507	9580.854	1000.0	1000.0	345000	664.0662	183.85748	837.4239	-260.6464	664.067	183.85771	837.5929	-267.96225	-667.2882	123.70483	3329.4268102645874
70	9344.814	277.76422	9786.845	8922.852	9807.565	190.2105	10218.457	9532.654	1000.0	1000.0	350000	666.732	184.13237	838.0813	-211.28336	666.7314	184.1295	842.204	-252.1007	-670.2615	123.961815	3378.821783065796
71	8657.088	1465.1887	9468.899	5728.469	9651.333	144.76266	9879.509	9411.886	1000.0	1000.0	355000	669.9617	184.44641	840.6344	-428.73822	669.9619	184.44966	842.7206	-365.21558	-673.6448	125.02905	3426.3591690063477
72	9288.572	189.94804	9553.272	8999.902	9899.577	194.16771	10165.637	9497.843	1000.0	1000.0	360000	671.7127	186.38498	845.232	-305.7716	671.7126	186.38382	844.2124	-297.03146	-675.19745	133.773	3476.5351691246033
73	9313.059	325.5066	9787.112	8780.722	10056.952	137.13608	10322.256	9835.952	1000.0	1000.0	365000	674.7814	187.40894	845.53815	-333.6367	674.78143	187.40807	851.37726	-254.6601	-678.2598	125.895	3525.010852098465
74	9268.349	341.0414	9939.4375	9007.383	10060.454	162.30441	10291.894	9805.291	1000.0	1000.0	370000	677.3449	187.4665	850.319	-346.04532	677.34424	187.46915	853.9443	-377.51392	-681.3342	130.365	3574.1446783542633
75	9304.483	232.92279	9686.821	8980.565	9750.177	205.96906	10241.31	9495.526	1000.0	1000.0	375000	680.3486	186.96028	849.0531	-315.20926	680.34766	186.96144	849.83307	-391.91473	-683.8072	142.83556	3622.167929172516
76	9365.597	298.0424	9722.796	8994.97	9739.809	178.50955	10086.827	9405.236	1000.0	1000.0	380000	683.4819	184.32567	856.34705	-299.9513	683.48096	184.32507	858.8819	-299.78632	-687.2036	132.72525	3670.573102235794
77	9395.613	175.66463	9684.666	9191.828	9498.458	108.134766	9663.785	9306.036	1000.0	1000.0	385000	686.9729	183.01924	861.2208	-161.75534	686.9732	183.01901	864.955	-210.75293	-690.5797	130.57175	3719.348546028137
78	9198.651	311.73642	9543.533	8694.377	9392.152	84.6859	9484.077	9198.922	1000.0	1000.0	390000	689.4704	182.46881	861.2946	-281.23154	689.4705	182.46603	861.66034	-237.96353	-692.6921	129.49298	3770.6893932819366
79	9381.693	233.60446	9682.861	9021.882	10019.764	155.5704	10264.311	9751.727	1000.0	1000.0	395000	691.5523	182.8247	860.23914	-228.2997	691.55225	182.82755	861.1541	-263.84836	-695.06433	130.05838	3823.2233560085297
80	9291.197	485.34283	9774.627	8681.942	9391.889	227.72533	9897.894	9124.18	1000.0	1000.0	400000	694.8625	181.51437	863.20996	-308.6651	694.8622	181.51537	867.79486	-296.8805	-698.4139	124.278725	3875.1213240623474
81	9275.158	596.8913	9835.774	8204.712	10099.42	174.12001	10317.541	9797.934	1000.0	1000.0	405000	696.93866	182.47047	867.1785	-155.95259	696.93835	182.47037	868.339	-190.07626	-700.4403	128.70457	3923.736069202423
82	9375.459	133.01907	9525.874	9147.357	9932.654	158.67273	10148.263	9684.497	1000.0	1000.0	410000	699.3202	181.91518	871.89374	-208.75897	699.31934	181.91556	868.6161	-257.06393	-702.8118	123.958626	3970.792929172516
83	9532.379	260.96466	9880.858	9213.605	9824.386	129.76727	10011.7	9540.88	1000.0	1000.0	415000	701.7776	182.14041	871.445	-194.20192	701.77716	182.14017	875.6778	-195.16014	-705.10895	126.589386	4018.644918203354
84	9708.067	111.1381	9883.367	9546.483	9964.342	86.025604	10071.156	9812.43	1000.0	1000.0	420000	705.2406	181.15302	873.6013	-389.41193	705.24	181.15372	872.535	-307.93628	-708.95154	137.68668	4066.9184279441833
85	8595.379	1985.8901	9728.036	4627.19	8963.472	1328.6882	9745.466	5217.667	1000.0	1000.0	425000	707.63763	181.49055	872.3494	-328.35602	707.6376	181.49202	876.21515	-339.18243	-711.4629	126.54895	4116.528343200684
86	9266.6875	348.35693	9614.057	8602.782	9400.009	181.65971	9751.816	9068.687	1000.0	1000.0	430000	709.9705	181.72496	874.4219	-227.57153	709.9691	181.72578	875.4924	-280.63776	-713.0859	129.34807	4172.743046283722
87	9277.638	277.49997	9501.081	8750.003	9637.081	149.36606	9922.631	9415.603	1000.0	1000.0	435000	711.79126	182.03029	876.78107	-431.86	711.7913	182.03336	877.75275	-437.36182	-715.1514	132.12482	4223.1593470573425
88	9404.992	223.65154	9740.399	9182.342	9675.176	144.9136	9929.353	9346.525	1000.0	1000.0	440000	714.68115	181.31693	881.23566	-335.60858	714.68054	181.31555	880.15704	-307.1769	-717.5889	130.94228	4271.683557271957
89	9215.464	427.7533	9590.099	8401.39	9810.95	104.20377	10016.349	9616.671	1000.0	1000.0	445000	716.9999	180.65245	881.03186	-294.06638	716.9996	180.65305	880.98364	-331.41718	-720.3253	133.68973	4327.082121133804
90	9627.901	136.32014	9888.394	9491.969	9965.3545	121.4941	10128.006	9787.627	1000.0	1000.0	450000	717.99365	182.07469	879.2979	-346.28156	717.99384	182.07637	886.62054	-391.94577	-720.7656	136.31665	4380.689304113388
91	9566.104	155.63182	9805.528	9399.559	10195.376	104.45836	10342.253	10070.836	1000.0	1000.0	455000	720.39453	182.19077	883.54254	-383.6515	720.3947	182.18947	885.59045	-351.80005	-723.6866	137.48457	4431.449369192123
92	9662.6	139.90901	9848.554	9462.307	10245.121	65.87969	10358.677	10129.17	1000.0	1000.0	460000	721.51465	182.80931	884.9682	-433.95245	721.5128	182.81259	887.4962	-361.42538	-724.576	139.04489	4481.675431966782
93	9660.399	237.41386	9963.152	9305.636	9849.842	123.86491	10097.436	9689.303	1000.0	1000.0	465000	723.8332	180.71812	887.16425	-328.5173	723.8339	180.72064	887.06915	-320.50098	-726.9369	132.2555	4529.7491500377655
94	9730.465	181.4166	9973.727	9456.808	10142.619	257.1084	10377.204	9428.441	1000.0	1000.0	470000	725.7822	180.65678	887.1566	-361.00598	725.7813	180.65726	890.2291	-435.9246	-728.4249	132.46307	4581.524588108063
95	9521.298	236.21307	9860.188	9276.144	10157.974	165.49612	10404.4375	9833.828	1000.0	1000.0	475000	727.75885	180.88893	886.45593	-374.73257	727.75885	180.88914	891.57306	-324.82645	-730.7286	125.873116	4632.857616186142
96	9569.108	150.44669	9822.829	9399.035	9693.008	125.774765	9916.674	9548.446	1000.0	1000.0	480000	729.76825	180.49686	886.5794	-355.29218	729.7683	180.49524	887.368	-352.26718	-732.5389	134.08995	4682.9015572071075
97	9644.115	392.71332	10272.124	9181.451	9956.196	152.37485	10262.229	9742.56	1000.0	1000.0	485000	731.3963	181.00754	891.83276	-300.9002	731.3965	181.00551	892.1587	-286.3638	-734.6029	127.03485	4730.83340215683
98	8314.643	2425.645	9753.399	3479.3252	10424.023	151.97083	10599.046	10100.478	1000.0	1000.0	490000	732.0674	182.88573	890.5558	-385.6036	732.0667	182.88908	893.75336	-441.4957	-734.9226	136.82793	4779.289954185486
99	9611.884	173.16815	9766.184	9285.418	9776.749	127.9761	10082.692	9584.585	1000.0	1000.0	495000	733.2658	182.69742	896.68805	-303.63202	733.2662	182.6982	895.02216	-399.54117	-736.6562	130.9249	4826.308674097061
