Epoch	AverageEpRet	StdEpRet	MaxEpRet	MinEpRet	AverageTestEpRet	StdTestEpRet	MaxTestEpRet	MinTestEpRet	EpLen	TestEpLen	TotalEnvInteracts	AverageQ1Vals	StdQ1Vals	MaxQ1Vals	MinQ1Vals	AverageQ2Vals	StdQ2Vals	MaxQ2Vals	MinQ2Vals	LossPi	LossQ	Time
1	-273.02472	66.97821	-187.73384	-382.94443	-492.58554	20.616241	-454.7081	-528.6294	1000.0	1000.0	5000	2.5070465	3.3699584	22.818192	-7.441012	2.5073771	3.3701298	23.242739	-7.8883753	-3.9297	0.50498486	43.46357297897339
2	-292.53455	60.556232	-198.5342	-384.9012	-519.52673	18.947392	-486.512	-545.8189	1000.0	1000.0	10000	17.23187	8.121632	46.10384	-4.8740005	17.231867	8.120754	46.511448	-4.881993	-20.030107	1.3792207	84.05708909034729
3	-198.79704	215.30144	103.068695	-445.3699	-148.0542	94.35427	19.981867	-294.42044	1000.0	1000.0	15000	29.629705	6.2803903	51.89304	4.525222	29.629614	6.2793517	52.851368	4.4987874	-31.245	1.8232119	127.34508228302002
4	-223.49939	346.24725	208.60655	-660.56244	-495.5879	82.09862	-346.1098	-593.35693	1000.0	1000.0	20000	33.518353	9.1352625	68.54084	7.7395835	33.518467	9.134229	66.73465	6.9868975	-35.479614	2.8644059	172.11874723434448
5	-178.21336	567.79285	921.01117	-721.6286	914.8241	532.1716	1711.4102	-317.5762	1000.0	1000.0	25000	32.113964	13.166785	93.94603	-37.230488	32.11416	13.167613	96.04885	-40.705048	-33.272358	3.3227286	215.64160108566284
6	1149.2932	411.6968	1511.1226	406.88455	905.6699	861.5193	2035.7731	-500.33487	1000.0	1000.0	30000	32.98045	18.015814	87.028206	-13.71169	32.980408	18.01638	86.55424	-16.100775	-34.28489	3.3292773	260.2009902000427
7	1902.4756	479.74988	2232.9246	950.91425	2293.8965	208.68872	2556.312	1939.2537	1000.0	1000.0	35000	41.05553	25.254513	111.65333	-21.534998	41.0552	25.254406	113.89441	-20.785936	-42.611176	5.269599	307.55792212486267
8	2489.9768	30.898628	2541.5857	2459.9104	2549.813	136.8381	2832.5027	2372.2126	1000.0	1000.0	40000	54.509865	33.58625	139.5205	-21.381422	54.50949	33.585083	140.91765	-20.709373	-56.489426	7.6255565	359.2780542373657
9	2655.394	72.287575	2769.6216	2563.7476	2981.7827	133.31287	3167.4917	2737.8076	1000.0	1000.0	45000	70.162254	40.287704	157.22316	-20.607872	70.161804	40.285664	158.0083	-20.227304	-72.35853	10.301405	411.53973031044006
10	2965.6006	238.15236	3332.5378	2615.953	3466.4656	456.75552	4066.8154	2350.2996	1000.0	1000.0	50000	87.17055	45.045338	175.08463	-9.646709	87.16983	45.043198	176.10252	-10.279601	-89.42141	12.777285	463.6485869884491
11	3418.711	164.75491	3687.8425	3196.778	3807.3237	143.20305	4017.6223	3572.0383	1000.0	1000.0	55000	103.95102	50.33672	216.48969	-5.934138	103.95024	50.334694	217.26659	-3.1789942	-106.387436	15.413511	514.0708973407745
12	3427.382	383.18707	3758.704	2687.047	3703.2273	780.2134	4236.4062	1411.959	1000.0	1000.0	60000	120.718925	56.27848	250.08197	-8.365677	120.718124	56.276955	246.3198	-7.7003098	-122.99125	19.594662	564.5205540657043
13	4126.5796	75.47835	4238.9326	4016.2168	3822.4966	1443.1661	4451.5767	-496.51218	1000.0	1000.0	65000	137.98561	62.616768	268.90042	-9.679818	137.98538	62.61503	267.8733	-7.584328	-140.46793	24.591017	614.4597141742706
14	4256.5967	141.45743	4518.1787	4137.479	4474.12	102.007286	4638.028	4313.314	1000.0	1000.0	70000	155.19144	68.979294	285.30002	-13.852656	155.19102	68.97668	285.49646	-10.979433	-158.0384	29.793322	665.8755540847778
15	4481.569	202.59879	4742.8066	4198.4507	4466.852	76.22811	4589.824	4363.049	1000.0	1000.0	75000	172.16284	74.054375	306.72052	-22.632963	172.16246	74.052635	304.73126	-18.269634	-174.82744	34.550236	717.3805391788483
16	4647.1636	328.4998	4955.0405	4225.0386	4773.985	82.21178	4926.344	4626.1333	1000.0	1000.0	80000	188.37682	78.83198	318.2763	-28.209702	188.37605	78.8306	318.1995	-32.844498	-191.29982	37.44459	766.4173731803894
17	4685.8867	411.98752	5197.963	4015.57	5250.1323	128.96965	5423.591	4993.429	1000.0	1000.0	85000	205.30884	82.20598	334.4843	-34.53993	205.3084	82.20417	335.63773	-34.92378	-208.29558	39.657604	813.6410212516785
18	4902.875	150.72934	5045.7427	4625.198	5315.4404	194.40488	5558.294	4972.6533	1000.0	1000.0	90000	221.79373	85.16941	347.69348	-28.609646	221.79393	85.16791	346.66898	-27.420773	-225.0444	41.55416	862.280745267868
19	5183.904	131.28873	5399.9644	5025.454	5641.425	150.84724	5854.3184	5293.2695	1000.0	1000.0	95000	237.67271	87.860466	364.7205	-19.193287	237.67226	87.860435	364.08646	-29.237381	-240.75896	41.719612	910.7157502174377
20	5267.8423	226.24385	5612.2754	5047.5557	5783.797	157.67018	6141.6143	5556.2188	1000.0	1000.0	100000	252.54533	89.96867	379.32343	-26.60458	252.54565	89.96643	377.69824	-25.487492	-255.08925	43.61463	958.9533212184906
21	5250.836	189.52158	5440.0386	4951.529	5945.667	120.38575	6170.4253	5793.7593	1000.0	1000.0	105000	265.84842	92.04434	388.55615	-28.14635	265.8481	92.041885	388.71716	-28.12153	-269.28268	44.672955	1006.790399312973
22	5139.7554	262.918	5419.0396	4653.769	5780.035	220.99214	6131.646	5399.1763	1000.0	1000.0	110000	278.27197	93.05104	400.0192	-29.619038	278.27167	93.050224	397.97626	-33.162663	-281.23306	45.329155	1056.569661140442
23	5201.1006	122.37225	5414.726	5055.9434	5916.738	170.272	6123.061	5608.253	1000.0	1000.0	115000	289.16824	94.00009	406.91605	-30.921541	289.16818	93.99768	408.19427	-17.370106	-292.2441	47.30493	1107.0497162342072
24	5452.5557	124.74771	5629.2734	5255.0356	5854.917	68.66417	5940.431	5691.138	1000.0	1000.0	120000	299.58173	94.72995	413.15704	-33.65054	299.5818	94.72906	415.95328	-33.04525	-302.53384	47.339718	1156.5121693611145
25	5540.562	83.58354	5624.758	5389.8574	6000.3467	151.01872	6362.34	5787.5327	1000.0	1000.0	125000	309.15927	94.76724	420.7139	-21.362408	309.15918	94.766174	420.8059	-27.433521	-311.92734	46.457893	1205.3707711696625
26	5288.8877	457.7746	5836.9746	4480.9673	5768.0728	85.005844	5953.599	5609.708	1000.0	1000.0	130000	317.79437	95.40332	428.75586	-36.126633	317.79434	95.40304	428.68073	-40.39356	-320.66544	46.790997	1254.5998752117157
27	5500.0054	181.58606	5709.568	5226.0664	5177.3154	142.54526	5389.282	4984.517	1000.0	1000.0	135000	325.6628	96.3745	434.83084	-40.985523	325.66248	96.3731	432.17166	-41.236298	-328.48413	48.086708	1303.9110841751099
28	5400.979	246.88823	5653.736	4981.696	6097.457	66.35863	6194.0244	5985.116	1000.0	1000.0	140000	332.49872	97.66339	438.5732	-51.655685	332.49838	97.663025	438.76855	-53.12372	-335.33038	49.22192	1353.229140996933
29	4877.3096	1508.135	5755.5703	1867.0315	5936.5938	105.48873	6121.9014	5772.4316	1000.0	1000.0	145000	337.398	101.241325	443.98755	-63.999104	337.39734	101.24247	443.29623	-71.41902	-340.03693	51.04895	1399.9671161174774
30	5507.1357	324.2995	5840.8467	4885.935	6160.304	96.03588	6290.242	6022.509	1000.0	1000.0	150000	342.8823	102.75812	446.63113	-87.136284	342.88126	102.760475	446.0813	-72.73199	-345.46182	50.761887	1446.3842873573303
31	5476.052	201.81807	5693.467	5147.4126	5973.636	77.69153	6069.2017	5830.5186	1000.0	1000.0	155000	348.48767	103.17498	449.01746	-89.59819	348.48734	103.176125	449.2244	-85.89166	-351.43005	50.373753	1496.0012543201447
32	5677.2266	68.666534	5739.8545	5572.7954	5854.7354	113.31361	6000.22	5634.629	1000.0	1000.0	160000	353.79587	103.89052	452.03857	-91.74421	353.79507	103.89352	452.76785	-84.35206	-356.4874	49.221138	1543.8563652038574
33	5722.8984	38.647602	5780.508	5675.79	6161.88	70.679726	6254.691	6021.736	1000.0	1000.0	165000	358.9788	104.25378	456.51352	-87.46969	358.97787	104.254776	457.47574	-94.65218	-361.58066	48.607674	1592.3415143489838
34	5318.5596	708.14166	5804.4443	3917.1797	5912.276	75.18748	6056.9385	5821.8994	1000.0	1000.0	170000	363.1758	105.27748	461.1093	-104.49997	363.1753	105.28072	461.01254	-96.71968	-365.80045	48.390236	1641.4931292533875
35	5763.177	129.08745	5890.923	5514.168	6142.088	112.16651	6303.2856	5977.542	1000.0	1000.0	175000	367.19608	106.01804	463.28967	-139.51526	367.19525	106.01908	463.22534	-117.364075	-369.7601	49.622017	1690.2126882076263
36	5611.801	170.62627	5799.215	5328.0957	6013.187	121.75822	6144.933	5786.996	1000.0	1000.0	180000	371.7173	106.06899	465.06412	-110.50321	371.71692	106.07138	464.77188	-111.97351	-373.90073	49.5698	1737.3444380760193
37	5751.3164	118.953766	5950.408	5588.153	6585.2437	288.61044	7039.528	6326.818	1000.0	1000.0	185000	376.12552	106.355606	467.42755	-108.0393	376.1251	106.35723	467.27716	-103.8463	-378.5776	49.18218	1784.6252400875092
38	5717.2495	100.42789	5857.8794	5607.088	6095.6904	71.12688	6251.471	5977.7583	1000.0	1000.0	190000	380.1557	105.82552	471.2499	-113.719765	380.1552	105.82857	470.78384	-105.43421	-382.6982	48.41734	1832.652945280075
39	5811.45	100.99082	5940.924	5690.257	6210.9424	78.47662	6342.4062	6103.73	1000.0	1000.0	195000	384.14108	105.338524	472.87766	-101.90851	384.1412	105.3382	472.28546	-105.19391	-386.3845	47.041588	1877.8919112682343
40	5838.738	127.31981	6016.568	5683.1797	6315.219	94.90229	6450.9473	6166.6636	1000.0	1000.0	200000	388.0611	105.458496	476.42514	-114.86313	388.0604	105.46003	476.86386	-112.75025	-390.3183	46.574883	1925.4777810573578
41	5864.954	114.88623	5975.3047	5708.939	6223.215	99.52008	6339.654	6063.033	1000.0	1000.0	205000	392.3089	105.43835	479.81247	-144.69304	392.30814	105.44024	481.8927	-127.58273	-394.8228	46.5386	1974.5910761356354
42	5774.29	82.02215	5890.9204	5674.507	6075.188	69.710594	6217.4697	5979.408	1000.0	1000.0	210000	396.4751	104.64834	480.7877	-129.59128	396.475	104.64915	483.3352	-144.48244	-398.8015	44.871674	2024.6935710906982
43	5877.3555	178.49567	6107.6514	5598.188	6008.432	276.72382	6251.8286	5247.8867	1000.0	1000.0	215000	400.2614	104.553604	483.65137	-120.23018	400.2607	104.55673	484.94266	-121.06327	-402.39526	43.860344	2074.2481169700623
44	5825.907	137.46442	6022.7134	5598.433	6312.132	74.50616	6423.474	6203.7925	1000.0	1000.0	220000	404.03592	104.48543	487.95755	-100.37795	404.03473	104.488754	488.3048	-107.7085	-406.2895	43.372	2122.246263027191
45	5754.774	83.269875	5864.5093	5640.087	6030.5195	111.50726	6202.513	5882.932	1000.0	1000.0	225000	407.81012	104.36214	491.10406	-107.853645	407.80966	104.3641	491.3383	-119.84953	-410.0518	43.244843	2170.919246196747
46	5920.905	174.69348	6117.011	5686.34	6074.7266	111.10258	6229.3784	5843.506	1000.0	1000.0	230000	411.24197	104.87484	494.07935	-115.590355	411.24216	104.87625	494.4752	-121.11342	-413.5326	42.768238	2218.422836303711
47	5886.714	139.06963	6026.2505	5627.4917	6296.658	282.34793	6996.575	6040.7476	1000.0	1000.0	235000	415.37296	104.85664	496.488	-129.3423	415.37207	104.85973	497.0024	-118.887665	-417.43674	42.694923	2268.7934210300446
48	5942.0977	101.31162	6063.3853	5801.844	6292.4043	124.53792	6440.51	6046.3066	1000.0	1000.0	240000	419.1428	104.84364	502.665	-115.8912	419.14276	104.84585	503.02408	-113.28079	-421.27115	42.63533	2318.3293030261993
49	5960.6396	70.28165	6072.3516	5885.622	6301.3022	109.972824	6520.475	6118.8203	1000.0	1000.0	245000	423.3186	103.729485	505.1802	-133.81865	423.31787	103.73032	503.94653	-112.13605	-425.38455	41.766346	2368.14213013649
50	5207.911	1505.336	6019.0005	2197.926	6166.6934	98.6266	6336.6733	6011.0107	1000.0	1000.0	250000	426.0974	106.32051	507.47137	-134.57996	426.0973	106.32205	508.06143	-153.27127	-427.9648	44.3061	2417.5240161418915
51	6059.3174	99.99358	6217.352	5940.617	6190.856	90.56573	6310.427	5965.281	1000.0	1000.0	255000	429.6262	106.973114	511.6609	-129.72148	429.6261	106.97514	512.61664	-125.397354	-431.7272	44.513546	2463.813713312149
52	6118.6665	141.8958	6346.8164	5970.303	6513.828	83.370224	6655.433	6370.3623	1000.0	1000.0	260000	433.18985	108.745445	516.2229	-117.77953	433.18906	108.747444	517.2572	-125.165955	-435.0664	46.38174	2511.4364171028137
53	6146.6577	68.35649	6222.0894	6036.3486	6090.3545	206.10222	6445.626	5664.663	1000.0	1000.0	265000	437.46182	109.1047	520.66156	-156.63492	437.46106	109.10612	519.82587	-148.54288	-439.98404	48.04975	2558.5529279708862
54	5991.138	311.4399	6341.2314	5437.234	6241.7725	83.210655	6387.2603	6097.994	1000.0	1000.0	270000	441.65726	108.768364	523.949	-163.98047	441.657	108.77092	524.53534	-160.88234	-443.9272	46.91174	2603.9085659980774
55	6132.78	110.43246	6275.0776	5965.988	5488.7935	1693.149	6280.15	419.57388	1000.0	1000.0	275000	445.01443	109.37192	527.1721	-175.59515	445.014	109.37475	530.1871	-181.5532	-447.2841	47.640633	2652.225018262863
56	6101.73	143.20857	6283.2544	5889.6074	6499.958	71.02746	6613.293	6388.297	1000.0	1000.0	280000	448.65607	109.173035	529.8937	-177.43677	448.65546	109.175476	529.6385	-175.1676	-450.78024	48.02877	2701.420381307602
57	6215.59	109.351295	6401.9014	6077.9414	6440.7017	83.404686	6531.987	6269.25	1000.0	1000.0	285000	452.30276	109.4096	534.19305	-220.18907	452.30255	109.410545	533.62555	-193.99518	-454.58954	46.39672	2750.381706237793
58	6160.0264	125.15925	6325.807	5949.2295	6160.7163	132.40439	6283.338	5906.836	1000.0	1000.0	290000	455.27267	109.88624	537.2377	-183.58319	455.27203	109.88842	536.5815	-177.42223	-457.5253	47.31581	2798.4228551387787
59	5963.847	324.4769	6204.9287	5325.2456	6357.379	84.43996	6487.015	6213.182	1000.0	1000.0	295000	458.50076	109.25957	537.8604	-195.8311	458.5003	109.26244	539.46124	-181.34396	-461.04935	48.193768	2847.0485661029816
60	6159.9546	63.550053	6254.211	6071.0176	6426.0483	47.425835	6474.9424	6318.1104	1000.0	1000.0	300000	461.11652	109.675934	540.3796	-207.32451	461.11588	109.67783	539.96625	-190.44777	-463.2587	46.726044	2893.376305103302
61	6177.966	214.07883	6427.8296	5780.1646	6460.79	335.75555	6706.344	5473.2656	1000.0	1000.0	305000	463.8759	109.49305	543.6891	-158.17596	463.87537	109.49589	543.77405	-162.45299	-466.0132	46.857574	2944.15442609787
62	6320.9805	85.664215	6413.0137	6169.0503	6119.928	83.40065	6215.8506	5979.7363	1000.0	1000.0	310000	466.97385	108.93574	544.4514	-171.23138	466.9739	108.93691	545.9376	-166.14497	-469.14035	47.122757	2993.1578891277313
63	6164.425	150.06708	6372.392	5904.467	6322.5337	110.16522	6459.188	6144.499	1000.0	1000.0	315000	469.48895	109.045616	548.6372	-206.28427	469.48804	109.049255	549.6621	-184.756	-471.5036	47.22382	3041.456643104553
64	6291.176	57.657963	6339.3613	6194.37	6412.039	75.28979	6535.4	6262.2256	1000.0	1000.0	320000	472.39392	108.460014	549.95776	-196.40851	472.39368	108.46107	551.47363	-241.71895	-474.7549	46.44113	3090.5536420345306
65	6229.9785	216.55331	6459.717	5821.147	6347.3916	88.66547	6516.861	6250.6855	1000.0	1000.0	325000	475.43582	107.56033	551.7046	-197.6778	475.4356	107.56272	553.5678	-219.36143	-477.3631	44.232876	3141.167183160782
66	6243.2563	99.73497	6377.0	6071.009	6124.7007	77.9405	6225.895	6000.794	1000.0	1000.0	330000	478.07532	107.41161	554.11084	-172.97119	478.07513	107.415	554.90234	-159.29291	-480.00864	45.02875	3191.759907245636
67	6235.765	118.37086	6401.104	6093.268	6516.5127	70.49056	6608.388	6390.998	1000.0	1000.0	335000	480.7925	106.76871	556.9258	-143.15503	480.79227	106.770744	557.315	-140.73305	-483.0301	44.711388	3240.2064032554626
68	6370.9336	75.02324	6506.5024	6276.568	6706.599	93.74757	6860.9893	6565.863	1000.0	1000.0	340000	483.59207	106.11457	558.8095	-159.60912	483.5915	106.11675	560.8592	-139.9737	-485.6302	46.23404	3286.182004213333
69	6290.8296	148.416	6430.8633	6022.7437	6714.218	67.866	6797.773	6536.344	1000.0	1000.0	345000	485.6895	106.18944	561.1992	-189.80927	485.68912	106.19202	560.3311	-179.16895	-487.54565	45.26021	3334.185461997986
70	6299.925	176.01869	6459.3525	6054.669	6705.0024	78.087524	6833.43	6592.835	1000.0	1000.0	350000	487.8031	105.55789	563.4238	-190.09114	487.80252	105.55952	562.158	-172.39499	-489.9205	46.241318	3382.330808162689
71	6287.8037	309.44812	6720.196	5831.6562	6642.328	65.47253	6731.8833	6505.132	1000.0	1000.0	355000	490.2156	105.091385	565.48804	-180.48178	490.2157	105.092155	566.0304	-156.57745	-492.54266	45.66729	3429.782654285431
72	6486.5776	114.10012	6599.8496	6274.363	5171.032	2361.602	6606.2866	236.19762	1000.0	1000.0	360000	491.7715	105.34855	567.93726	-147.49239	491.77148	105.350464	568.84454	-136.58635	-493.52	42.970657	3480.1582872867584
73	6429.418	202.43791	6670.9746	6102.837	6641.5127	126.27156	6815.342	6422.6367	1000.0	1000.0	365000	494.41113	104.923645	572.98914	-163.16975	494.4105	104.92677	573.512	-136.99539	-496.45175	43.202824	3528.384428024292
74	6530.0337	64.89525	6595.061	6439.4326	6798.628	43.927685	6868.1455	6734.0703	1000.0	1000.0	370000	497.10446	104.47982	574.56366	-174.57246	497.10443	104.48276	573.71735	-166.44612	-499.1819	45.956593	3577.528423309326
75	6526.2334	201.74748	6765.363	6194.5	6786.3584	61.224335	6928.761	6668.7593	1000.0	1000.0	375000	499.84546	104.30028	575.692	-193.07956	499.8452	104.30235	576.1434	-187.41823	-501.8948	45.52511	3625.982629299164
76	6534.928	85.22053	6679.5483	6437.807	6892.3896	68.12752	6982.136	6745.7197	1000.0	1000.0	380000	502.40775	103.76173	581.69403	-175.17847	502.40732	103.76447	579.66205	-175.61493	-504.4346	43.553745	3673.778686285019
77	6650.6235	76.69941	6778.9995	6537.5435	6751.6235	70.86982	6857.648	6632.2686	1000.0	1000.0	385000	505.299	103.91048	582.70197	-153.42642	505.2984	103.913345	583.529	-148.80225	-507.4593	42.79054	3723.02272939682
78	6564.8657	155.73293	6816.447	6339.1885	6820.8164	42.362434	6934.97	6775.2256	1000.0	1000.0	390000	507.45624	104.57638	586.1671	-185.91936	507.4559	104.577896	583.97076	-188.72119	-509.68176	43.28779	3777.430185317993
79	6642.7314	83.267624	6770.1284	6519.87	6946.964	38.850094	7013.2793	6891.721	1000.0	1000.0	395000	510.02768	104.85347	586.8252	-153.68535	510.02768	104.85503	588.2061	-159.83609	-512.19006	43.712357	3830.2207322120667
80	6624.5635	154.7505	6767.6924	6354.1587	6651.1187	73.06354	6724.4585	6470.809	1000.0	1000.0	400000	512.89954	104.31744	591.618	-196.36053	512.8992	104.31868	589.6798	-176.48296	-515.2173	44.185513	3881.1436400413513
81	6728.732	157.19234	6934.095	6553.5	6747.2256	57.48902	6821.2866	6635.1924	1000.0	1000.0	405000	515.5154	104.4331	593.0658	-180.32278	515.51514	104.43314	593.66736	-199.98378	-517.6634	44.06857	3927.8837871551514
82	6769.7344	100.75813	6909.6494	6648.4043	6783.6006	75.38202	6926.222	6664.179	1000.0	1000.0	410000	517.92706	104.42678	594.90314	-223.44249	517.92645	104.43084	595.4266	-202.21442	-520.0631	42.59815	3975.584222316742
83	6756.633	85.93656	6894.635	6674.878	6895.921	95.67637	7017.682	6754.418	1000.0	1000.0	415000	520.4787	104.68663	600.1837	-248.21848	520.4783	104.69017	602.1595	-210.96492	-522.5223	44.79189	4023.741319179535
84	6694.8564	150.78738	6877.393	6426.1606	6180.3804	42.864468	6277.412	6116.2695	1000.0	1000.0	420000	523.01587	104.3564	601.10016	-167.05287	523.01556	104.35986	602.4212	-161.71263	-525.0694	43.767174	4071.218429327011
85	6668.466	285.63486	6904.994	6112.706	7076.5156	127.401764	7230.048	6821.5645	1000.0	1000.0	425000	525.1452	105.07149	602.39	-170.9241	525.1451	105.072395	604.3755	-179.32573	-527.4664	46.46962	4121.581396341324
86	6658.668	253.75505	6936.1064	6178.6353	7313.901	42.14312	7368.5684	7250.7046	1000.0	1000.0	430000	527.67487	104.982796	605.22766	-187.00615	527.6745	104.98575	604.92883	-181.65349	-529.7668	44.18106	4176.960759162903
87	6741.236	109.95937	6835.3276	6563.097	7242.699	65.25477	7338.4727	7105.566	1000.0	1000.0	435000	530.23175	104.006256	608.97345	-179.45052	530.23096	104.00782	607.21497	-171.56084	-532.4089	43.475483	4226.577211141586
88	6827.6064	168.24713	7122.6953	6617.104	6834.0986	68.490425	6937.38	6726.4023	1000.0	1000.0	440000	532.4806	104.623634	612.3012	-181.61818	532.48065	104.62365	611.17633	-174.95952	-534.3916	43.781868	4280.641156196594
89	6874.2017	60.661728	6972.394	6802.946	6918.378	77.293755	7013.7715	6781.5625	1000.0	1000.0	445000	534.4761	104.883484	613.1377	-205.65929	534.4757	104.88516	613.80634	-192.83328	-536.7079	45.53531	4334.246150255203
90	6805.2095	125.80134	6951.284	6581.467	7115.204	66.06591	7225.688	7011.0063	1000.0	1000.0	450000	536.82513	104.79904	615.2821	-210.62936	536.82465	104.80266	616.2528	-183.34135	-538.7853	44.13178	4387.338804960251
91	6983.2983	79.74778	7079.1987	6867.173	6949.44	19.14114	6978.014	6905.3135	1000.0	1000.0	455000	539.2903	104.53564	618.8574	-164.73152	539.2896	104.53956	618.43475	-182.0083	-541.4623	42.79853	4437.252296209335
92	6738.5596	108.81763	6885.3438	6640.228	7104.4893	155.70312	7364.6562	6802.197	1000.0	1000.0	460000	541.1707	104.85395	620.5599	-167.00345	541.1702	104.85488	624.03235	-179.12952	-543.19995	42.93975	4485.929065942764
93	6894.5	66.887245	6982.2827	6808.429	6732.267	69.66077	6835.3335	6586.2285	1000.0	1000.0	465000	543.3771	104.19454	621.1959	-199.12965	543.37665	104.197784	621.6777	-168.05666	-545.4533	42.736603	4535.039994239807
94	6968.462	194.17627	7185.717	6654.133	7238.8057	31.736658	7284.6045	7191.7065	1000.0	1000.0	470000	545.5822	104.29637	622.60583	-206.19106	545.5822	104.29864	624.5133	-187.08305	-547.6038	43.0642	4588.957863330841
95	6949.193	67.972374	7065.42	6872.7183	7059.6885	69.69432	7211.742	6981.2793	1000.0	1000.0	475000	547.9781	103.1982	625.57556	-170.43343	547.9776	103.201485	627.0151	-176.45544	-550.2241	42.861244	4641.791721343994
96	6948.7344	84.69779	7042.144	6805.35	7247.0557	91.24141	7360.7217	7067.3745	1000.0	1000.0	480000	549.8538	104.0906	627.98785	-187.39168	549.85345	104.09383	628.5463	-173.28741	-551.5567	42.290836	4692.202012300491
97	7104.909	85.55202	7231.1113	6993.8994	7296.3423	43.65782	7370.3857	7231.741	1000.0	1000.0	485000	552.1796	103.46064	628.9259	-199.57344	552.1788	103.462906	630.0078	-191.23474	-554.4293	42.706272	4740.107728242874
98	6914.181	104.775505	7089.3496	6769.3125	7244.354	40.101	7296.703	7164.627	1000.0	1000.0	490000	554.01184	103.471054	633.4412	-209.69722	554.0119	103.473	633.84814	-217.96301	-556.1556	42.01535	4788.552689313889
99	6772.0015	279.68915	7092.7856	6380.5903	7522.8906	64.73368	7638.067	7442.662	1000.0	1000.0	495000	556.3886	102.45988	634.476	-229.36372	556.38776	102.463425	636.1671	-240.98906	-558.579	44.15298	4836.048326253891
